0 text (744, 54, 852, 112) 0.969
1 capacitor.unpolarized (395, 458, 504, 512) 0.966
2 text (1138, 449, 1246, 503) 0.966
3 text (700, 484, 798, 545) 0.965
4 gnd (796, 706, 889, 764) 0.964
5 text (274, 451, 359, 513) 0.963
6 text (575, 236, 665, 290) 0.958
7 inductor (1052, 424, 1107, 540) 0.958
8 resistor (810, 423, 872, 529) 0.952
9 voltage.dc (559, 296, 681, 409) 0.951
10 junction (423, 350, 454, 372) 0.941
11 junction (799, 340, 832, 365) 0.938
12 junction (403, 153, 439, 182) 0.930
13 junction (457, 666, 492, 694) 0.928
14 junction (1048, 342, 1078, 365) 0.927
15 junction (1043, 137, 1078, 162) 0.926
16 junction (1078, 654, 1111, 678) 0.917
17 junction (820, 663, 858, 686) 0.849
18 junction (0, 805, 21, 818) 0.813
19 junction (1817, 805, 1834, 818) 0.668
20 junction (1811, -1, 1834, 14) 0.635
21 voltage.dc (739, 119, 862, 213) 0.585
22 probe.voltage (739, 119, 862, 213) 0.496
23 probe.current (739, 119, 862, 213) 0.295
